   9.4279349e+01   3.2808237e+01   2.6732970e+01   5.4307082e+00   4.7254234e+01  -4.1589402e+00
   3.2808237e+01   3.0555630e+02  -1.4062010e+01   5.7118357e+00  -2.3909636e+01   1.3774540e+01
   2.6732970e+01  -1.4062010e+01   5.0925816e+02   3.1719286e+01   7.5674660e+01   2.7380533e-01
   5.4307082e+00   5.7118357e+00   3.1719286e+01   2.0922598e+01  -1.2614234e+00  -3.6073523e+00
   4.7254234e+01  -2.3909636e+01   7.5674660e+01  -1.2614234e+00   1.5256456e+02  -3.6672718e+00
  -4.1589402e+00   1.3774540e+01   2.7380533e-01  -3.6073523e+00  -3.6672718e+00   7.0833164e+00
