     94.7113            0            0            0     -4.95463     0.300557     0.146485  4.22732e-05     -7.19662     -2.85368    -0.309587 -6.30445e-07     0.154089   0.00018308     -7.19648     -2.85362    -0.309586  5.53759e-06 -1.61524e-05      4.81167  4.37914e-06    -0.972126     -1.72346     0.525322   -0.0230411    -0.385261  -0.00578607    0.0285191    0.0010368 -2.84552e-11   0.00081629     0.972123      1.72346    -0.525326    0.0230403     0.385261   0.00578599   -0.0285191  -0.00103676
           0      94.7113            0      4.95463            0      8.42322  -0.00221634      7.19508  -0.00650532    0.0199376  0.000841761     0.308901  -0.00212998      7.19477  -0.00636682    0.0199988  0.000847987     0.308901     -1.60152  -4.4058e-06      4.80902      -0.3462    -0.531517     -1.65615    -0.506414  -0.00397807   -0.0619232   -0.0014798    0.0279759 -2.04344e-05 -1.08824e-09    -0.346201     -0.53152     -1.65615    -0.506413  -0.00397765   -0.0619232  -0.00147953    0.0279759
           0            0      94.7113    -0.300557     -8.42322            0            0    -0.146485    -0.299418     0.910971    0.0384101  0.000300076            0    -0.154089    -0.299508     0.911159    0.0384155  0.000299026            0      1.60152 -1.46859e-05   0.00160525    0.0471426    0.0443689    0.0176902    -0.283888  -0.00295171   -0.0565875 -0.000569233  5.18723e-11  1.90873e-05  -0.00160349   -0.0471403   -0.0443629   -0.0176883     0.283888   0.00295195    0.0565875  0.000569123
           0      4.95463    -0.300557      22.7509    0.0332657      1.26776    0.0609871      6.12741    -0.031946     0.095894   0.00402445     0.694503    0.0610458      6.15801    0.0286675   -0.0911764  -0.00387411     0.694437      0.58904  0.000110318     -5.44296    0.0996387   -0.0140466   -0.0553331   -0.0393748   -0.0796904    0.0385778    -0.016229 -0.000455606  -0.00131364 -1.98266e-05     0.099639   -0.0140466   -0.0553324   -0.0393745   -0.0796905    0.0385777    -0.016229 -0.000455609
    -4.95463            0     -8.42322    0.0332657      23.0716    -0.273335    -0.136783    0.0168957      6.71489      3.13754     0.705787 -1.40266e-05    -0.136362    0.0161418      6.71476      3.13742     0.705782 -2.77866e-05 -0.000300729      4.18717 -8.80138e-05      -0.2566     0.131787   -0.0427761  -0.00876491     0.125785 -0.000813622    0.0306361  0.000185267  0.000155457    0.0221916     0.256603    -0.131785    0.0427753   0.00876397    -0.125785  0.000813361   -0.0306362 -0.000185234
    0.300557      8.42322            0      1.26776    -0.273335      5.64723     0.420125      0.84451     0.612667     0.232288    0.0176934    0.0290009     0.450919     0.844551    -0.861408    -0.353429   -0.0457747    0.0289928      3.29984  0.000127122     0.260995     0.685941     0.426363    -0.225476    -0.278266     0.105655   -0.0537027  -0.00884312   0.00827541    0.0149209  0.000156396      0.68594     0.426364    -0.225476    -0.278266     0.105655   -0.0537027  -0.00884299   0.00827541
    0.146485  -0.00221634            0    0.0609871    -0.136783     0.420125     0.435383     0.053055    -0.124271   -0.0624072   -0.0141318  -0.00497825            0            0            0            0            0            0            0            0            0            0            0            0            0            0            0            0            0            0            0            0            0            0            0            0            0            0            0
 4.22732e-05      7.19508    -0.146485      6.12741    0.0168957      0.84451     0.053055      5.40493 -0.000623692  0.000458546 -2.85592e-06      0.66281            0            0            0            0            0            0            0            0            0            0            0            0            0            0            0            0            0            0            0            0            0            0            0            0            0            0            0
    -7.19662  -0.00650532    -0.299418    -0.031946      6.71489     0.612667    -0.124271 -0.000623692       5.9456      2.94591     0.678427  0.000131643            0            0            0            0            0            0            0            0            0            0            0            0            0            0            0            0            0            0            0            0            0            0            0            0            0            0            0
    -2.85368    0.0199376     0.910971     0.095894      3.13754     0.232288   -0.0624072  0.000458546      2.94591      2.06973     0.577683  0.000794921            0            0            0            0            0            0            0            0            0            0            0            0            0            0            0            0            0            0            0            0            0            0            0            0            0            0            0
   -0.309587  0.000841761    0.0384101   0.00402445     0.705787    0.0176934   -0.0141318 -2.85592e-06     0.678427     0.577683     0.470969 -2.14013e-05            0            0            0            0            0            0            0            0            0            0            0            0            0            0            0            0            0            0            0            0            0            0            0            0            0            0            0
-6.30445e-07     0.308901  0.000300076     0.694503 -1.40266e-05    0.0290009  -0.00497825      0.66281  0.000131643  0.000794921 -2.14013e-05     0.456688            0            0            0            0            0            0            0            0            0            0            0            0            0            0            0            0            0            0            0            0            0            0            0            0            0            0            0
    0.154089  -0.00212998            0    0.0610458    -0.136362     0.450919            0            0            0            0            0            0     0.435359    0.0531072    -0.123069   -0.0631336   -0.0141354  -0.00498686            0            0            0            0            0            0            0            0            0            0            0            0            0            0            0            0            0            0            0            0            0
  0.00018308      7.19477    -0.154089      6.15801    0.0161418     0.844551            0            0            0            0            0            0    0.0531072      5.40475  -0.00153067  9.26072e-05 -4.07005e-05     0.662805            0            0            0            0            0            0            0            0            0            0            0            0            0            0            0            0            0            0            0            0            0
    -7.19648  -0.00636682    -0.299508    0.0286675      6.71476    -0.861408            0            0            0            0            0            0    -0.123069  -0.00153067      5.94544      2.94583     0.678422  0.000131566            0            0            0            0            0            0            0            0            0            0            0            0            0            0            0            0            0            0            0            0            0
    -2.85362    0.0199988     0.911159   -0.0911764      3.13742    -0.353429            0            0            0            0            0            0   -0.0631336  9.26072e-05      2.94583      2.06973     0.577682  0.000794976            0            0            0            0            0            0            0            0            0            0            0            0            0            0            0            0            0            0            0            0            0
   -0.309586  0.000847987    0.0384155  -0.00387411     0.705782   -0.0457747            0            0            0            0            0            0   -0.0141354 -4.07005e-05     0.678422     0.577682     0.470969 -2.13981e-05            0            0            0            0            0            0            0            0            0            0            0            0            0            0            0            0            0            0            0            0            0
 5.53759e-06     0.308901  0.000299026     0.694437 -2.77866e-05    0.0289928            0            0            0            0            0            0  -0.00498686     0.662805  0.000131566  0.000794976 -2.13981e-05     0.456688            0            0            0            0            0            0            0            0            0            0            0            0            0            0            0            0            0            0            0            0            0
-1.61524e-05     -1.60152            0      0.58904 -0.000300729      3.29984            0            0            0            0            0            0            0            0            0            0            0            0      3.47601  0.000127607    -0.267998     0.724023      0.48483   -0.0432989    -0.222561     0.106092   -0.0468911  -0.00868034   0.00519806    0.0149232  0.000156396     0.724022     0.484832   -0.0432996    -0.222561     0.106093   -0.0468912  -0.00868024   0.00519806
     4.81167  -4.4058e-06      1.60152  0.000110318      4.18717  0.000127122            0            0            0            0            0            0            0            0            0            0            0            0  0.000127607      3.41111 -9.46083e-05   -0.0640393     0.478046    -0.141857  -0.00225928     0.170801  6.77784e-06    0.0187676 -8.25265e-05  0.000155455    0.0220321     0.064043    -0.478044     0.141857   0.00225845      -0.1708 -6.94859e-06   -0.0187676  8.25488e-05
 4.37914e-06      4.80902 -1.46859e-05     -5.44296 -8.80138e-05     0.260995            0            0            0            0            0            0            0            0            0            0            0            0    -0.267998 -9.46083e-05       4.4908   -0.0299308     0.120034     0.383014     0.139227    0.0806528   -0.0264005    0.0165075  -0.00507223   0.00134231  2.01051e-05   -0.0299308     0.120034     0.383013     0.139226    0.0806525   -0.0264005    0.0165075  -0.00507223
   -0.972126      -0.3462   0.00160525    0.0996387      -0.2566     0.685941            0            0            0            0            0            0            0            0            0            0            0            0     0.724023   -0.0640393   -0.0299308     0.582328     0.231434    0.0750485    -0.214696    0.0467932   -0.0463137   -0.0042672    0.0047228            0            0            0            0            0            0            0            0            0            0
    -1.72346    -0.531517    0.0471426   -0.0140466     0.131787     0.426363            0            0            0            0            0            0            0            0            0            0            0            0      0.48483     0.478046     0.120034     0.231434      1.02274   -0.0236951    0.0901597     0.275714  -0.00101941    0.0111202  -0.00431336            0            0            0            0            0            0            0            0            0            0
    0.525322     -1.65615    0.0443689   -0.0553331   -0.0427761    -0.225476            0            0            0            0            0            0            0            0            0            0            0            0   -0.0432989    -0.141857     0.383014    0.0750485   -0.0236951     0.910886     0.195735   -0.0862379   -0.0234842  -0.00317624   -0.0103705            0            0            0            0            0            0            0            0            0            0
  -0.0230411    -0.506414    0.0176902   -0.0393748  -0.00876491    -0.278266            0            0            0            0            0            0            0            0            0            0            0            0    -0.222561  -0.00225928     0.139227    -0.214696    0.0901597     0.195735     0.316805   0.00140101    0.0447686  7.01393e-05  -0.00983685            0            0            0            0            0            0            0            0            0            0
   -0.385261  -0.00397807    -0.283888   -0.0796904     0.125785     0.105655            0            0            0            0            0            0            0            0            0            0            0            0     0.106092     0.170801    0.0806528    0.0467932     0.275714   -0.0862379   0.00140101     0.182451   0.00146607    0.0249411  -0.00014734            0            0            0            0            0            0            0            0            0            0
 -0.00578607   -0.0619232  -0.00295171    0.0385778 -0.000813622   -0.0537027            0            0            0            0            0            0            0            0            0            0            0            0   -0.0468911  6.77784e-06   -0.0264005   -0.0463137  -0.00101941   -0.0234842    0.0447686   0.00146607    0.0626584 -0.000153623  -0.00451739            0            0            0            0            0            0            0            0            0            0
   0.0285191   -0.0014798   -0.0565875    -0.016229    0.0306361  -0.00884312            0            0            0            0            0            0            0            0            0            0            0            0  -0.00868034    0.0187676    0.0165075   -0.0042672    0.0111202  -0.00317624  7.01393e-05    0.0249411 -0.000153623     0.023377  5.82397e-05            0            0            0            0            0            0            0            0            0            0
   0.0010368    0.0279759 -0.000569233 -0.000455606  0.000185267   0.00827541            0            0            0            0            0            0            0            0            0            0            0            0   0.00519806 -8.25265e-05  -0.00507223    0.0047228  -0.00431336   -0.0103705  -0.00983685  -0.00014734  -0.00451739  5.82397e-05   0.00293706            0            0            0            0            0            0            0            0            0            0
-2.84552e-11 -2.04344e-05  5.18723e-11  -0.00131364  0.000155457    0.0149209            0            0            0            0            0            0            0            0            0            0            0            0    0.0149232  0.000155455   0.00134231            0            0            0            0            0            0            0            0    0.0149202  0.000156419            0            0            0            0            0            0            0            0
  0.00081629 -1.08824e-09  1.90873e-05 -1.98266e-05    0.0221916  0.000156396            0            0            0            0            0            0            0            0            0            0            0            0  0.000156396    0.0220321  2.01051e-05            0            0            0            0            0            0            0            0  0.000156419    0.0216992            0            0            0            0            0            0            0            0
    0.972123    -0.346201  -0.00160349     0.099639     0.256603      0.68594            0            0            0            0            0            0            0            0            0            0            0            0     0.724022     0.064043   -0.0299308            0            0            0            0            0            0            0            0            0            0     0.582328     0.231433    0.0750486    -0.214696    0.0467929   -0.0463137   -0.0042672   0.00472281
     1.72346     -0.53152   -0.0471403   -0.0140466    -0.131785     0.426364            0            0            0            0            0            0            0            0            0            0            0            0     0.484832    -0.478044     0.120034            0            0            0            0            0            0            0            0            0            0     0.231433      1.02274   -0.0236954    0.0901593     0.275714  -0.00101945    0.0111202  -0.00431336
   -0.525326     -1.65615   -0.0443629   -0.0553324    0.0427753    -0.225476            0            0            0            0            0            0            0            0            0            0            0            0   -0.0432996     0.141857     0.383013            0            0            0            0            0            0            0            0            0            0    0.0750486   -0.0236954     0.910887     0.195735   -0.0862381   -0.0234842  -0.00317626   -0.0103705
   0.0230403    -0.506413   -0.0176883   -0.0393745   0.00876397    -0.278266            0            0            0            0            0            0            0            0            0            0            0            0    -0.222561   0.00225845     0.139226            0            0            0            0            0            0            0            0            0            0    -0.214696    0.0901593     0.195735     0.316805   0.00140101    0.0447687  7.01271e-05  -0.00983685
    0.385261  -0.00397765     0.283888   -0.0796905    -0.125785     0.105655            0            0            0            0            0            0            0            0            0            0            0            0     0.106093      -0.1708    0.0806525            0            0            0            0            0            0            0            0            0            0    0.0467929     0.275714   -0.0862381   0.00140101     0.182451   0.00146608    0.0249411 -0.000147344
  0.00578599   -0.0619232   0.00295195    0.0385777  0.000813361   -0.0537027            0            0            0            0            0            0            0            0            0            0            0            0   -0.0468912 -6.94859e-06   -0.0264005            0            0            0            0            0            0            0            0            0            0   -0.0463137  -0.00101945   -0.0234842    0.0447687   0.00146608    0.0626584 -0.000153622  -0.00451739
  -0.0285191  -0.00147953    0.0565875    -0.016229   -0.0306362  -0.00884299            0            0            0            0            0            0            0            0            0            0            0            0  -0.00868024   -0.0187676    0.0165075            0            0            0            0            0            0            0            0            0            0   -0.0042672    0.0111202  -0.00317626  7.01271e-05    0.0249411 -0.000153622     0.023377  5.82393e-05
 -0.00103676    0.0279759  0.000569123 -0.000455609 -0.000185234   0.00827541            0            0            0            0            0            0            0            0            0            0            0            0   0.00519806  8.25488e-05  -0.00507223            0            0            0            0            0            0            0            0            0            0   0.00472281  -0.00431336   -0.0103705  -0.00983685 -0.000147344  -0.00451739  5.82393e-05   0.00293706

COM_pos * mass:   8.42323
-0.300557
 -4.95463
